 F
       37589      873307           3        1000
   -0.508203055105545218E+03   -0.476002214199459445E+03
 T
   2
    0.200000000000000000E+01    0.300000000000000000E+01    0.378000000000000003E+00    0.621999999999999997E+00
   0
   0
 T T     0           0
    0.000000000000000000E+00   -0.100000000000000002+101    0.000000000000000000E+00
 T F     1         378
    0.200821090301463956E-16   -0.514837867042289645E+03   -0.480938915174864974E+03
 T F     1         622
    0.137505654610994478E-15   -0.508204369795173932E+03   -0.475995719701032783E+03
